0,407
0,406
0,405
0,404
0,403
0,402
0,401
0,400
0,399
0,398
0,397
0,396
0,395
0,394
0,393
0,392
0,391
0,390
0,389
0,273
0,270
32,4
32,3
32,2
32,1
32,0
0,278
0,388
0,387
0,386
0,385
31,3
31,2
31,1
31,0
30,3
30,2
30,1
30,0
29,3
29,2
29,1
29,0
0,384
0,319
0,318
28,4
28,3
28,2
28,1
28,0
0,317
0,316
27,4
27,3
27,2
0,283
0,243
27,1
27,0
26,3
26,2
0,9
26,1
26,0
25,35
3,1
3,3
10,147
10,221
10,128
10,135
10,176
10,223
10,214
11,8
11,7
11,5
9,7
8,18
8,17
8,6
8,7
19,2
19,1
20,3
20,2
20,1
12,3
12,2
12,1
11,30
11,29
19,3
11,28
11,27
11,26
